AMS04:
  Mean: 1.901240587234497
  Std: 3.9255294799804688
