AMS04:
  Mean: 5.3793439865112305
  Std: 0.3116287589073181
