AMS04:
  Max: 2.6718924045562744
  Min: -11.512925148010254
