AMS04:
  Max: 5.394306659698486
  Min: -10.36163330078125
